4.96,0,0,0
5.04,4,4,4
5.12,12,12,12
5.2,15.4896085536277,20,20
5.28,16.7612173830579,28,28
5.36,17.8088577873885,32.3126678974694,31.0355634962875
5.44,17.856081660736,34.5674396933472,31.7693941056612
5.52,19.1044965583734,36.2208122061125,33.3809300608009
5.6,20.1449761428183,37.5633803590094,35.3082847810618
5.68,20.1517386825093,39.414584815824,37.0342610527845
5.76,21.370884140523,41.1307433853511,37.7697785781745
5.84,22.388191862327,41.8411006757607,39.7949204924513
5.92,22.3468395729322,43.4132662673827,40.6884612147577
6,23.5330513920023,45.0591474943544,42.3584317264724
6.08,24.3325905776998,47.3888951499154,44.0020613002739
6.16,24.9767021688912,48.1469051017476,44.5636069303008
6.24,25.5883829627852,50.0360235300085,46.1551574854142
6.32,26.1617310638437,51.70390879975,47.6977210809838
6.4,26.6935318251688,52.2561440132744,47.9843701772494
6.48,27.1815836709805,54.024828905217,49.4237370485993
6.56,27.6192160000197,55.4835397491831,50.8237898451322
6.64,28.0049742225067,55.7296595480517,50.7989472038705
6.72,28.3382218124936,57.1230440467913,51.9970019799245
6.8,28.6104364612879,58.4775347967753,52.9390705596758
6.88,28.8220869239669,58.3661857349362,53.1519603101648
6.96,28.9702352122459,59.5684204439988,53.2819192006151
7.04,28.9983046284609,60.640632367487,53.5901096976134
7.12,29.0191176099682,60.640632367487,53.7830990100929
7.2,29.0191176099682,61.1734955246803,53.8370840974423
7.28,29.0191176099682,61.2935543309288,53.8370840974423
7.36,28.8074800022862,61.3852801779542,53.8370840974423
7.44,28.5304416091668,61.3852801779542,53.5445478834412
7.52,28.189039788379,61.3852801779542,53.4829838470007
7.6,27.7756558261261,61.0783543283258,53.2015889517998
7.68,27.302208857729,60.655941383593,52.8930973072928
7.76,26.7660756589811,60.0325004826124,51.5707568720229
7.84,26.1204514497891,59.3971491769809,50.2977403861269
7.92,25.4878902032496,58.8710350377948,50.2654612753328
8,24.7908476750473,57.5161204624059,48.6820315100989
8.08,24.0480903966216,56.1827871290726,47.3013004812503
8.16,22.3331506227167,55.9798985337316,46.8294524706546
8.24,22.0486998174407,54.4622861959945,45.2218207981577
8.32,21.6196135079836,52.9176669293184,43.5429773268996
8.4,20.3697702760727,52.3892126673252,42.8204845690737
8.48,19.241090907422,50.7297036732673,41.0670122332381
8.56,19.0469001712843,49.0806797288212,39.3065641857032
8.64,17.7093427872416,48.3522774941929,38.1049824368974
8.72,16.3425892977807,46.5489013230484,36.201947844359
8.8,16.2627415079456,44.7871968785115,35.3906738215574
8.88,14.8736726127772,44.0649934654689,33.4046476996758
8.96,13.4904090838871,42.0776685614044,31.6132640428694
9.04,13.378261182584,40.4589449400976,29.9382940196795
9.12,12.0079512307629,39.1929338969399,29.2744983415617
9.2,10.6203459627026,37.3953033002168,27.7259593580561
9.28,10.5488207046384,36.609893477772,26.1822410526924
9.36,9.18296727381268,34.5510884162669,24.6633328355833
9.44,7.84541839684507,33.3269133683479,23.1250940105604
9.52,7.821457296648,31.5965589090606,20.8280661449539
9.6,6.48812396331467,30.9134236911218,20.2288024188847
9.68,5.19899964188551,29.0993712600156,18.6901836470843
9.76,5.24236682085438,27.4055812100108,16.7385776503932
9.84,3.95467561417012,26.7145342507914,15.0623103148551
9.92,2.76308459964561,25.0477836667516,14.479262910303
10,2.81425678231988,23.4201815186471,12.7760890233736
10.08,1.55640003101161,22.8600750110967,11.188067918847
10.16,0.516558670253061,21.2517433966523,10.6627462539745
10.24,0.556613469244394,19.7037538480484,9.06538290226693
10.32,-0.64755797162928,19.2859563177716,7.47431807972466
10.4,-0.738887157563871,17.7295159344355,7.09964481817336
10.48,-1.93003107571788,16.2446212235041,5.63056111132416
10.56,-2.80438780907193,15.9659035568286,4.1175485656609
10.64,-2.88529008880459,14.5414830627806,3.90281935783133
10.72,-4.4620335372872,13.0944929621619,2.49678491857434
10.8,-4.32932390467057,12.9617469774893,1.07918286267331
10.88,-4.38295785048709,11.5991673499616,0.99457026373731
10.96,-5.64399093145079,10.2312392714346,-0.338763069596024
11.04,-5.83636639567464,10.2312392714346,-1.67663698720726
11.12,-6.35704690938545,8.89790593810129,-1.67663698720726
11.2,-6.2325625037387,7.66086134263058,-2.95143896913721
11.28,-7.37931245742467,7.73184470471128,-4.13741462406391
11.36,-7.30456075694751,6.4830695391469,-4.05714865694548
11.44,-7.71208723995587,5.36909362608682,-5.25764640776831
11.52,-8.10545636290444,5.50204399230719,-6.31666526301276
11.6,-8.57495514308228,4.30957845187684,-6.1886370097703
11.68,-8.94915098391277,3.32815123602496,-7.34202985082397
11.76,-9.31255539485879,3.43965125727714,-8.28317624331966
11.84,-9.6537189409274,2.16243151091148,-8.08665525513391
11.92,-9.98744072802729,1.63347877481481,-9.20911012720136
12,-10.3080388649758,1.07589602918446,-10.4267887132626
12.08,-10.6174261735984,0.543316579593394,-10.4267887132626
12.16,-10.9145931903434,-0.0381927000466019,-10.9314094955086
12.24,-11.2005884982353,-0.546026947461074,-11.4089703134312
12.32,-11.4758479624523,-1.03535689468516,-11.8825394360657
12.4,-11.7407924843766,-1.50703914401858,-12.3782997946195
12.48,-11.9958637818589,-1.96183763480723,-12.8052193983199
12.56,-12.2414953166586,-2.40065996848876,-13.2057282186545
12.64,-12.4781084852951,-2.82454468650185,-13.6258442474066
12.72,-12.7061464341858,-3.23454005602096,-13.9847630702767
12.8,-12.9237065290181,-3.6324269012421,-13.8196552915247
12.88,-13.1358762631646,-4.01896075056924,-14.1662328227315
12.96,-13.3403519438922,-4.39655297045792,-14.6764738167646
13.04,-13.5380732543029,-4.72987660349388,-15.0441347087992
13.12,-13.7294154369552,-5.08331672678639,-15.3349022488255
13.2,-13.914821680714,-5.40240202446886,-15.671843513857
13.28,-14.0754597409116,-5.69945894562796,-15.9222947090402
13.36,-14.2461908613253,-5.99667766038824,-16.2397562982327
13.44,-14.3920703114305,-6.26862903615173,-16.4804336143541
13.52,-14.5501731963465,-6.54648565733036,-16.7766358622025
13.6,-14.6865867548773,-6.79408536284169,-16.980303472384
13.68,-14.8326834113935,-7.05530661836495,-17.2479982311719
13.76,-14.9562944005261,-7.27883757194852,-17.4734691688749
13.84,-15.0909852359783,-7.52645102389202,-17.7012279468045
13.92,-15.2080718278063,-7.72554870797237,-17.905940034842
14,-15.3316386669543,-7.95707890518717,-18.1207509344362
14.08,-15.4379764771964,-8.14379914759971,-18.3040537179705
14.16,-15.5528309285219,-8.35821918311303,-18.509737950227
14.24,-15.6512059675988,-8.52618219531395,-18.6696294600508
14.32,-15.7572332472046,-8.72337713478845,-18.8680071531367
14.4,-15.8477235624462,-8.88577482469374,-19.0083360712146
14.48,-15.945557571887,-9.06651329971106,-19.1891849585879
14.56,-16.0294287851963,-9.2108878671861,-19.3333864093616
14.64,-16.1197553855729,-9.37929863918775,-19.4953744797454
14.72,-16.1967014700391,-9.51603242838293,-19.6210735574539
14.8,-16.2800154612434,-9.67220955201635,-19.777141919943
14.88,-16.3516286236692,-9.79297605157932,-19.8878444582829
14.96,-16.4285827387302,-9.9361383278288,-20.0302335833981
15.04,-16.4938526108407,-10.0565137935185,-20.1431343698378
15.12,-16.5647858027628,-10.1852370723124,-20.2712984194605
15.2,-16.626117212847,-10.293414432885,-20.369276276466
15.28,-16.6914648914023,-10.4157967149072,-20.4917664720022
15.36,-16.7470710193939,-10.511481741262,-20.5806887698307
15.44,-16.8074846167839,-10.624290908045,-20.693278130886
15.52,-16.8596816715213,-10.7180352770961,-20.7784155392588
15.6,-16.9153707335144,-10.8205374687577,-20.8833110811011
15.68,-16.9626860122706,-10.904256329688,-20.9557787753453
15.76,-17.0141344510746,-11.0008242363223,-21.050668904013
15.84,-17.0586258067736,-11.0772423904814,-21.1298366441675
15.92,-17.1060120181629,-11.1662243226027,-21.2112697409644
16,-17.146343405103,-11.2381767411687,-21.2826422232589
16.08,-17.1901611401674,-11.3205912408231,-21.3599876512432
16.16,-17.2280031083151,-11.3847465559639,-21.4230855946359
16.24,-17.2684061110802,-11.4603922498767,-21.4980350747001
16.32,-17.3027006652025,-11.5232693310495,-21.5517322150769
16.4,-17.340011177075,-11.5919725449569,-21.620960503494
16.48,-17.3723003678263,-11.6481275578832,-21.6762507404447
16.56,-17.4066368178284,-11.712871747638,-21.7381505524472
16.64,-17.4359173926664,-11.7640532163719,-21.7864000543979
16.72,-17.467697895406,-11.8236916832957,-21.8461716169942
16.8,-17.4950952878469,-11.8719890655647,-21.8882642724564
16.88,-17.5244451288256,-11.9272408183767,-21.9426617951338
16.96,-17.549255476982,-11.9701222562662,-21.9864116449243
17.04,-17.5763065619355,-12.0207954064491,-22.0347422177669
17.12,-17.5998011201528,-12.0631154290767,-22.0731257242708
17.2,-17.6246104527569,-12.1089333136866,-22.1202669477151
17.28,-17.645944131503,-12.1468204199517,-22.1524813294776
17.36,-17.669001298743,-12.19025103159,-22.1949760992951
17.44,-17.6887278211917,-12.2241205279423,-22.2311536451989
17.52,-17.710008638298,-12.2639948396211,-22.2668880032586
17.6,-17.7281593109762,-12.2970287518725,-22.2999692234186
17.68,-17.7477913067438,-12.3333417288072,-22.3333482071401
17.76,-17.7646095920508,-12.3627886128332,-22.3633748863328
17.84,-17.7827323879872,-12.3968693019108,-22.3948306153083
17.92,-17.7981585679835,-12.4240480514667,-22.4217169889775
18,-17.8148717643769,-12.4555021583649,-22.4518073609996
18.08,-17.8292303274013,-12.4805830678352,-22.4752711947732
18.16,-17.8446649903773,-12.5096116456219,-22.5043313256354
18.24,-17.8577477897011,-12.5327622969163,-22.5247830110836
18.32,-17.8719727655101,-12.5595529142749,-22.5512232212208
18.4,-17.8842657565564,-12.5809113935773,-22.5725142763686
18.48,-17.8973697132492,-12.6056339666339,-22.5959771387413
18.56,-17.9085104757906,-12.6253547165267,-22.6146731378763
18.64,-17.9206213522407,-12.6481714870112,-22.6375476530205
18.72,-17.9310839942593,-12.6663532271426,-22.6532441202472
18.8,-17.9422428908948,-12.6874054871452,-22.6739096830611
18.88,-17.9517233635973,-12.7042103050576,-22.691414131306
18.96,-17.962033043177,-12.7236419664243,-22.7088798106884
19.04,-17.9709439250734,-12.7391053141515,-22.7248287950161
19.12,-17.9804380903044,-12.7570275448306,-22.7412112993298
19.2,-17.9885134019944,-12.7713658887685,-22.7555940508479
19.28,-17.9972895882224,-12.7879164622678,-22.7711434137386
19.36,-18.0048668797859,-12.8010335519272,-22.7838674278706
19.44,-18.0129558938858,-12.8162828822598,-22.798919947254
19.52,-18.0198198903795,-12.8285672521871,-22.8097649709996
19.6,-18.0272883579865,-12.842671899402,-22.8237068092272
19.68,-18.0337486930596,-12.8537124983643,-22.8347518334126
19.76,-18.0406196009747,-12.8666693337925,-22.847305069496
19.84,-18.0464752220649,-12.8773278556369,-22.8568813447763
19.92,-18.0528320861419,-12.8891934954355,-22.8688621812207
20,-18.0583097772894,-12.8986554769975,-22.8775858161223
20.08,-18.0583097772894,-12.8986554769975,-14.8775858161223
20.16,-18.0583097772894,-12.8986554769975,-6.87758581612229
20.24,-18.0583097772894,-12.8986554769975,-3.76647470501118
20.32,-18.0583097772894,-12.8986554769975,-3.76647470501118
20.4,-18.0583097772894,-12.8986554769975,-3.76647470501118
20.48,-18.0583097772894,-12.8986554769975,-3.76647470501118
20.56,-18.0583097772894,-12.8986554769975,-3.76647470501118
20.64,-18.0583097772894,-12.8986554769975,-3.76647470501118
20.72,-18.0583097772894,-12.8986554769975,-3.76647470501118
20.8,-18.0583097772894,-12.8986554769975,-3.76647470501118
20.88,-18.0583097772894,-12.8986554769975,-3.76647470501118
20.96,-18.0583097772894,-12.8986554769975,-3.76647470501118
21.04,-18.0583097772894,-12.8986554769975,-3.76647470501118
21.12,-18.0583097772894,-12.8986554769975,-3.76647470501118
21.2,-18.0583097772894,-12.8986554769975,-3.76647470501118
21.28,-18.0583097772894,-12.8986554769975,-3.76647470501118
21.36,-18.0583097772894,-12.8986554769975,-3.76647470501118
21.44,-18.0583097772894,-12.8986554769975,-3.76647470501118
21.52,-18.0583097772894,-12.8986554769975,-3.76647470501118
21.6,-18.0583097772894,-12.8986554769975,-3.76647470501118
21.68,-18.0583097772894,-12.8986554769975,-3.76647470501118
21.76,-18.0583097772894,-12.8986554769975,-3.76647470501118
21.84,-18.0583097772894,-12.8986554769975,-3.76647470501118
21.92,-18.0583097772894,-12.8986554769975,-3.76647470501118
22,-18.0583097772894,-12.8986554769975,-3.76647470501118
22.08,-18.0583097772894,-12.8986554769975,-3.76647470501118
22.16,-18.0583097772894,-12.8986554769975,-3.76647470501118
22.24,-18.0583097772894,-12.8986554769975,-3.76647470501118
22.32,-18.0583097772894,-12.8986554769975,-3.76647470501118
22.4,-18.0583097772894,-12.8986554769975,-3.76647470501118
22.48,-18.0583097772894,-12.8986554769975,-3.76647470501118
22.56,-18.0583097772894,-12.8986554769975,-3.76647470501118
22.64,-18.0583097772894,-12.8986554769975,-3.76647470501118
22.72,-18.0583097772894,-12.8986554769975,-3.76647470501118
22.8,-18.0583097772894,-12.8986554769975,-3.76647470501118
22.88,-18.0583097772894,-12.8986554769975,-3.76647470501118
22.96,-18.0583097772894,-12.8986554769975,-3.76647470501118
23.04,-18.0583097772894,-12.8986554769975,-3.76647470501118
23.12,-18.0583097772894,-12.8986554769975,-3.76647470501118
23.2,-18.0583097772894,-12.8986554769975,-3.76647470501118
23.28,-18.0583097772894,-12.8986554769975,-3.76647470501118
23.36,-18.0583097772894,-12.8986554769975,-3.76647470501118
23.44,-18.0583097772894,-12.8986554769975,-3.76647470501118
23.52,-18.0583097772894,-12.8986554769975,-3.76647470501118
23.6,-18.0583097772894,-12.8986554769975,-3.76647470501118
23.68,-18.0583097772894,-12.8986554769975,-3.76647470501118
23.76,-18.0583097772894,-12.8986554769975,-3.76647470501118
23.84,-18.0583097772894,-12.8986554769975,-3.76647470501118
23.92,-18.0583097772894,-12.8986554769975,-3.76647470501118
24,-18.0583097772894,-12.8986554769975,-3.76647470501118
24.08,-18.0583097772894,-12.8986554769975,-3.76647470501118
24.16,-18.0583097772894,-12.8986554769975,-3.76647470501118
24.24,-18.0583097772894,-12.8986554769975,-3.76647470501118
24.32,-18.0583097772894,-12.8986554769975,-3.76647470501118
24.4,-18.0583097772894,-12.8986554769975,-3.76647470501118
24.48,-18.0583097772894,-12.8986554769975,-3.76647470501118
24.56,-18.0583097772894,-12.8986554769975,-3.76647470501118
24.64,-18.0583097772894,-12.8986554769975,-3.76647470501118
24.72,-18.0583097772894,-12.8986554769975,-3.76647470501118
24.8,-18.0583097772894,-12.8986554769975,-3.76647470501118
24.88,-18.0583097772894,-12.8986554769975,-3.76647470501118
24.96,-18.0583097772894,-12.8986554769975,-3.76647470501118
25.04,-18.0583097772894,-12.8986554769975,-3.76647470501118
25.12,-18.0583097772894,-12.8986554769975,-3.76647470501118
25.2,-18.0583097772894,-12.8986554769975,-3.76647470501118
25.28,-18.0583097772894,-12.8986554769975,-3.76647470501118
25.36,-18.0583097772894,-12.8986554769975,-3.76647470501118
25.44,-18.0583097772894,-12.8986554769975,-3.76647470501118
25.52,-18.0583097772894,-12.9025078411802,-3.76647470501118
25.6,-18.0583097772894,-12.9025078411802,-3.76647470501118
25.68,-18.0583097772894,-12.9025078411802,-3.76647470501118
25.76,-18.0583097772894,-12.9025078411802,-3.76647470501118
25.84,-18.0583097772894,-12.9088727564636,-3.76647470501118
25.92,-18.0583097772894,-12.9088727564636,-3.76647470501118
26,-18.0583097772894,-12.9088727564636,-3.76647470501118
26.08,-18.0583097772894,-12.9088727564636,-3.76647470501118
26.16,-18.0583097772894,-12.9088727564636,-3.76647470501118
26.24,-18.0583097772894,-12.9088727564636,-3.76647470501118
26.32,-18.0583097772894,-12.9088727564636,-3.76647470501118
26.4,-18.0583097772894,-12.9088727564636,-3.76647470501118
26.48,-18.0583097772894,-12.9139870990687,-3.76647470501118
26.56,-18.0583097772894,-12.9139870990687,-3.76647470501118
26.64,-18.0583097772894,-12.9139870990687,-3.76647470501118
26.72,-18.0583097772894,-12.9139870990687,-3.76647470501118
26.8,-18.0583097772894,-12.9139870990687,-3.76647470501118
26.88,-18.0583097772894,-12.9139870990687,-3.76647470501118
26.96,-18.0583097772894,-12.9208993849514,-3.76647470501118
27.04,-18.0583097772894,-12.9208993849514,-3.76647470501118
27.12,-18.0583097772894,-12.9208993849514,-3.76647470501118
27.2,-18.0583097772894,-12.9208993849514,-3.76647470501118
27.28,-18.0583097772894,-12.9208993849514,-3.76647470501118
27.36,-18.0583097772894,-12.9208993849514,-3.76647470501118
27.44,-18.0583097772894,-12.9208993849514,-3.76647470501118
27.52,-18.0583097772894,-12.9208993849514,-3.76647470501118
27.6,-18.0583097772894,-12.9208993849514,-3.76647470501118
27.68,-18.0583097772894,-12.9239868057113,-3.76647470501118
27.76,-18.0583097772894,-12.9239868057113,-3.76647470501118
27.84,-18.0583097772894,-12.9239868057113,-3.76647470501118
27.92,-18.0583097772894,-12.9239868057113,-3.76647470501118
28,-18.0583097772894,-12.9239868057113,-3.76647470501118
28.08,-18.0583097772894,-12.9295664662669,-3.76647470501118
28.16,-18.0583097772894,-12.9295664662669,-3.76647470501118
28.24,-18.0583097772894,-12.9295664662669,-3.76647470501118
28.32,-18.0583097772894,-12.9295664662669,-3.76647470501118
28.4,-18.0583097772894,-12.9295664662669,-3.76647470501118
28.48,-18.0583097772894,-12.9295664662669,-3.76647470501118
28.56,-18.0583097772894,-12.9295664662669,-3.76647470501118
28.64,-18.0583097772894,-12.9295664662669,-3.76647470501118
28.72,-18.0583097772894,-12.9301788032507,-3.76647470501118
28.8,-18.0583097772894,-12.9315395293586,-3.76647470501118
28.88,-18.0583097772894,-12.9315395293586,-3.76647470501118
28.96,-18.0583097772894,-12.9377914555521,-3.76647470501118
29.04,-18.0583097772894,-12.9377914555521,-3.76647470501118
29.12,-18.0583097772894,-12.9377914555521,-3.76647470501118
29.2,-18.0583097772894,-12.9377914555521,-3.76647470501118
29.28,-18.0583097772894,-12.9377914555521,-3.76647470501118
29.36,-18.0583097772894,-12.9377914555521,-3.76647470501118
29.44,-18.0583097772894,-12.9377914555521,-3.76647470501118
29.52,-18.0583097772894,-12.9377914555521,-3.76647470501118
29.6,-18.0583097772894,-12.9377914555521,-3.76647470501118
29.68,-18.0583097772894,-12.9377914555521,-3.76647470501118
29.76,-18.0583097772894,-12.9377914555521,-3.76647470501118
29.84,-18.0583097772894,-12.9422792327392,-3.76647470501118
29.92,-18.0583097772894,-12.9422792327392,-3.76647470501118
30,-18.0583097772894,-12.9422792327392,-3.76647470501118
30.08,-18.0583097772894,-12.9422792327392,-3.76647470501118
30.16,-18.0583097772894,-12.9422792327392,-3.76647470501118
30.24,-18.0583097772894,-12.9422792327392,-3.76647470501118
30.32,-18.0583097772894,-12.9422792327392,-3.76647470501118
30.4,-18.0583097772894,-12.9422792327392,-3.76647470501118
30.48,-18.0583097772894,-12.9471305177194,-3.76647470501118
30.56,-18.0583097772894,-12.9471305177194,-3.76647470501118
30.64,-18.0583097772894,-12.9471305177194,-3.76647470501118
30.72,-18.0583097772894,-12.9471305177194,-3.76647470501118
30.8,-18.0583097772894,-12.9471305177194,-3.76647470501118
30.88,-18.0583097772894,-12.9471305177194,-3.76647470501118
30.96,-18.0583097772894,-12.9471305177194,-3.76647470501118
31.04,-18.0583097772894,-12.9471305177194,-3.76647470501118
31.12,-18.0583097772894,-12.9471305177194,-3.76647470501118
31.2,-18.0583097772894,-12.9471305177194,-3.76647470501118
31.28,-18.0583097772894,-12.9489671789573,-3.76647470501118
31.36,-18.0583097772894,-12.9489671789573,-3.76647470501118
31.44,-18.0583097772894,-12.9489671789573,-3.76647470501118
31.52,-18.0583097772894,-12.9489671789573,-3.76647470501118
31.6,-18.0583097772894,-12.9489671789573,-3.76647470501118
31.68,-18.0583097772894,-12.9528035764768,-3.76647470501118
31.76,-18.0583097772894,-12.9528035764768,-3.76647470501118
31.84,-18.0583097772894,-12.9528035764768,-3.76647470501118
31.92,-18.0583097772894,-12.9528035764768,-3.76647470501118
32,-18.0583097772894,-12.9528035764768,-3.76647470501118
32.08,-18.0583097772894,-12.9528035764768,-3.76647470501118
32.16,-18.0583097772894,-12.9528035764768,-3.76647470501118
32.24,-18.0583097772894,-12.9528035764768,-3.76647470501118
32.32,-18.0583097772894,-12.9528035764768,-3.76647470501118
32.4,-18.0583097772894,-12.9528035764768,-3.76647470501118
32.48,-18.0583097772894,-12.9561279905831,-3.76647470501118
32.56,-18.0583097772894,-12.9561279905831,-3.76647470501118
32.64,-18.0583097772894,-12.9561279905831,-3.76647470501118
32.72,-18.0583097772894,-12.9561279905831,-3.76647470501118
32.8,-18.0583097772894,-12.9561279905831,-3.76647470501118
32.88,-18.0583097772894,-12.9561279905831,-3.76647470501118
32.96,-18.0583097772894,-12.9561279905831,-3.76647470501118
33.04,-18.0583097772894,-12.9561279905831,-3.76647470501118
33.12,-18.0583097772894,-12.9561279905831,-3.76647470501118
33.2,-18.0583097772894,-12.9561279905831,-3.76647470501118
33.28,-18.0583097772894,-12.9565718194409,-3.76647470501118
33.36,-18.0583097772894,-12.9566779988426,-3.76647470501118
33.44,-18.0583097772894,-12.9575043342879,-3.76647470501118
33.52,-18.0583097772894,-12.9575043342879,-3.76647470501118
33.6,-18.0583097772894,-12.9575043342879,-3.76647470501118
33.68,-18.0583097772894,-12.9578497947401,-3.76647470501118
33.76,-18.0583097772894,-12.958969106997,-3.76647470501118
33.84,-18.0583097772894,-12.958969106997,-3.76647470501118
33.92,-18.0583097772894,-12.958969106997,-3.76647470501118
34,-18.0583097772894,-12.958969106997,-3.76647470501118
34.08,-18.0583097772894,-12.958969106997,-3.76647470501118
34.16,-18.0583097772894,-12.9611343261301,-3.76647470501118
34.24,-18.0583097772894,-12.9611343261301,-3.76647470501118
34.32,-18.0583097772894,-12.9611343261301,-3.76647470501118
34.4,-18.0583097772894,-12.9611343261301,-3.76647470501118
34.48,-18.0583097772894,-12.9611343261301,-3.76647470501118
34.56,-18.0583097772894,-12.9611343261301,-3.76647470501118
34.64,-18.0583097772894,-12.9611343261301,-3.76647470501118
34.72,-18.0583097772894,-12.9611343261301,-3.76647470501118
34.8,-18.0583097772894,-12.9611343261301,-3.76647470501118
34.88,-18.0583097772894,-12.9611343261301,-3.76647470501118
34.96,-18.0583097772894,-12.9611343261301,-3.76647470501118
35.04,-18.0583097772894,-12.9611343261301,-3.76647470501118
35.12,-18.0583097772894,-12.9616633285096,-3.76647470501118
35.2,-18.0583097772894,-12.9616633285096,-3.76647470501118
35.28,-18.0583097772894,-12.9616633285096,-3.76647470501118
35.36,-18.0583097772894,-12.9616633285096,-3.76647470501118
35.44,-18.0583097772894,-12.9623825338812,-3.76647470501118
35.52,-18.0583097772894,-12.9623825338812,-3.76647470501118
35.6,-18.0583097772894,-12.9623825338812,-3.76647470501118
35.68,-18.0583097772894,-12.9623825338812,-3.76647470501118
35.76,-18.0583097772894,-12.9623825338812,-3.76647470501118
35.84,-18.0583097772894,-12.9623825338812,-3.76647470501118
35.92,-18.0583097772894,-12.9623825338812,-3.76647470501118
36,-18.0583097772894,-12.9627436589099,-3.76647470501118
36.08,-18.0583097772894,-12.9627436589099,-3.76647470501118
36.16,-18.0583097772894,-12.9627436589099,-3.76647470501118
36.24,-18.0583097772894,-12.9627436589099,-3.76647470501118
36.32,-18.0583097772894,-12.9627436589099,-3.76647470501118
36.4,-18.0583097772894,-12.9627436589099,-3.76647470501118
36.48,-18.0583097772894,-12.9631241742684,-3.76647470501118
36.56,-18.0583097772894,-12.9631241742684,-3.76647470501118
36.64,-18.0583097772894,-12.9631241742684,-3.76647470501118
36.72,-18.0583097772894,-12.9631241742684,-3.76647470501118
36.8,-18.0583097772894,-12.9631241742684,-3.76647470501118
36.88,-18.0583097772894,-12.9631241742684,-3.76647470501118
36.96,-18.0583097772894,-12.9631241742684,-3.76647470501118
37.04,-18.0583097772894,-12.9631241742684,-3.76647470501118
37.12,-18.0583097772894,-12.9631241742684,-3.76647470501118
37.2,-18.0583097772894,-12.9631241742684,-3.76647470501118
37.28,-18.0583097772894,-12.9631241742684,-3.76647470501118
37.36,-18.0583097772894,-12.9631241742684,-3.76647470501118
37.44,-18.0583097772894,-12.9631241742684,-3.76647470501118
37.52,-18.0583097772894,-12.9631241742684,-3.76647470501118
37.6,-18.0583097772894,-12.9631241742684,-3.76647470501118
37.68,-18.0583097772894,-12.9631241742684,-3.76647470501118
37.76,-18.0583097772894,-12.9631241742684,-3.76647470501118
37.84,-18.0583097772894,-12.9631241742684,-3.76647470501118
37.92,-18.0583097772894,-12.9631241742684,-3.76647470501118
38,-18.0583097772894,-12.9631241742684,-3.76647470501118
38.08,-18.0583097772894,-12.9631241742684,-3.76647470501118
38.16,-18.0583097772894,-12.9631241742684,-3.76647470501118
38.24,-18.0583097772894,-12.9631241742684,-3.76647470501118
38.32,-18.0583097772894,-12.9631241742684,-3.76647470501118
38.4,-18.0583097772894,-12.9631241742684,-3.76647470501118
38.48,-18.0583097772894,-12.9631241742684,-3.76647470501118
38.56,-18.0583097772894,-12.9631241742684,-3.76647470501118
38.64,-18.0583097772894,-12.9631241742684,-3.76647470501118
38.72,-18.0583097772894,-12.9631241742684,-3.76647470501118
38.8,-18.0583097772894,-12.9631241742684,-3.76647470501118
38.88,-18.0583097772894,-12.9631241742684,-3.76647470501118
38.96,-18.0583097772894,-12.9631241742684,-3.76647470501118
39.04,-18.0583097772894,-12.9631241742684,-3.76647470501118
39.12,-18.0583097772894,-12.9631241742684,-3.76647470501118
39.2,-18.0583097772894,-12.9631241742684,-3.76647470501118
39.28,-18.0583097772894,-12.9631241742684,-3.76647470501118
39.36,-18.0583097772894,-12.9631241742684,-3.76647470501118
39.44,-18.0583097772894,-12.9631241742684,-3.76647470501118
39.52,-18.0583097772894,-12.9631241742684,-3.76647470501118
39.6,-18.0583097772894,-12.9631241742684,-3.76647470501118
39.68,-18.0583097772894,-12.9631241742684,-3.76647470501118
39.76,-18.0583097772894,-12.9631241742684,-3.76647470501118
39.84,-18.0583097772894,-12.9631241742684,-3.76647470501118
39.92,-18.0583097772894,-12.9631241742684,-3.76647470501118
40,-18.0583097772894,-12.9631241742684,-3.76647470501118
40.08,-18.0583097772894,-12.9631241742684,-3.76647470501118
40.16,-18.0583097772894,-12.9631241742684,-3.76647470501118
40.24,-18.0583097772894,-12.9631241742684,-3.76647470501118
40.32,-18.0583097772894,-12.9631241742684,-3.76647470501118
40.4,-18.0583097772894,-12.9631241742684,-3.76647470501118
40.48,-18.0583097772894,-12.9631241742684,-3.76647470501118
40.56,-18.0583097772894,-12.9631241742684,-3.76647470501118
40.64,-18.0583097772894,-12.9631241742684,-3.76647470501118
40.72,-18.0583097772894,-12.9631241742684,-3.76647470501118
40.8,-18.0583097772894,-12.9631241742684,-3.76647470501118
40.88,-18.0583097772894,-12.9631241742684,-3.76647470501118
40.96,-18.0583097772894,-12.9631241742684,-3.76647470501118
41.04,-18.0583097772894,-12.9631241742684,-3.76647470501118
41.12,-18.0583097772894,-12.9631241742684,-3.76647470501118
41.2,-18.0583097772894,-12.9631241742684,-3.76647470501118
41.28,-18.0583097772894,-12.9631241742684,-3.76647470501118
41.36,-18.0583097772894,-12.9631241742684,-3.76647470501118
41.44,-18.0583097772894,-12.9631241742684,-3.76647470501118
41.52,-18.0583097772894,-12.9631241742684,-3.76647470501118
41.6,-18.0583097772894,-12.9631241742684,-3.76647470501118
41.68,-18.0583097772894,-12.9631241742684,-3.76647470501118
41.76,-18.0583097772894,-12.9631241742684,-3.76647470501118
41.84,-18.0583097772894,-12.9631241742684,-3.76647470501118
41.92,-18.0583097772894,-12.9631241742684,-3.76647470501118
42,-18.0583097772894,-12.9631241742684,-3.76647470501118
42.08,-18.0583097772894,-12.9631241742684,-3.76647470501118
42.16,-18.0583097772894,-12.9631241742684,-3.76647470501118
42.24,-18.0583097772894,-12.9631241742684,-3.76647470501118
42.32,-18.0583097772894,-12.9631241742684,-3.76647470501118
42.4,-18.0583097772894,-12.9631241742684,-3.76647470501118
42.48,-18.0583097772894,-12.9631241742684,-3.76647470501118
42.56,-18.0583097772894,-12.9631241742684,-3.76647470501118
42.64,-18.0583097772894,-12.9631241742684,-3.76647470501118
42.72,-18.0583097772894,-12.9631241742684,-3.76647470501118
42.8,-18.0583097772894,-12.9631241742684,-3.76647470501118
42.88,-18.0583097772894,-12.9631241742684,-3.76647470501118
42.96,-18.0583097772894,-12.9631241742684,-3.76647470501118
43.04,-18.0583097772894,-12.9631241742684,-3.76647470501118
43.12,-18.0583097772894,-12.9631241742684,-3.76647470501118
43.2,-18.0583097772894,-12.9631241742684,-3.76647470501118
43.28,-18.0583097772894,-12.9631241742684,-3.76647470501118
43.36,-18.0583097772894,-12.9631241742684,-3.76647470501118
43.44,-18.0583097772894,-12.9631241742684,-3.76647470501118
43.52,-18.0583097772894,-12.9631241742684,-3.76647470501118
43.6,-18.0583097772894,-12.9631241742684,-3.76647470501118
43.68,-18.0583097772894,-12.9631241742684,-3.76647470501118
43.76,-18.0583097772894,-12.9631241742684,-3.76647470501118
43.84,-18.0583097772894,-12.9631241742684,-3.76647470501118
43.92,-18.0583097772894,-12.9631241742684,-3.76647470501118
44,-18.0583097772894,-12.9631241742684,-3.76647470501118
44.08,-18.0583097772894,-12.9631241742684,-3.76647470501118
44.16,-18.0583097772894,-12.9631241742684,-3.76647470501118
44.24,-18.0583097772894,-12.9631241742684,-3.76647470501118
44.32,-18.0583097772894,-12.9631241742684,-3.76647470501118
44.4,-18.0583097772894,-12.9631241742684,-3.76647470501118
44.48,-18.0583097772894,-12.9631241742684,-3.76647470501118
44.56,-18.0583097772894,-12.9631241742684,-3.76647470501118
44.64,-18.0583097772894,-12.9631241742684,-3.76647470501118
44.72,-18.0583097772894,-12.9631241742684,-3.76647470501118
44.8,-18.0583097772894,-12.9631241742684,-3.76647470501118
44.88,-18.0583097772894,-12.9631241742684,-3.76647470501118
44.96,-18.0583097772894,-12.9631241742684,-3.76647470501118
45.04,-18.0583097772894,-12.9631241742684,-3.76647470501118
45.12,-18.0583097772894,-12.9631241742684,-3.76647470501118
45.2,-18.0583097772894,-12.9631241742684,-3.76647470501118
45.28,-18.0583097772894,-12.9631241742684,-3.76647470501118
45.36,-18.0583097772894,-12.9631241742684,-3.76647470501118
45.44,-18.0583097772894,-12.9631241742684,-3.76647470501118
45.52,-18.0583097772894,-12.9631241742684,-3.76647470501118
45.6,-18.0583097772894,-12.9631241742684,-3.76647470501118
45.68,-18.0583097772894,-12.9631241742684,-3.76647470501118
45.76,-18.0583097772894,-12.9631241742684,-3.76647470501118
45.84,-18.0583097772894,-12.9631241742684,-3.76647470501118
45.92,-18.0583097772894,-12.9631241742684,-3.76647470501118
46,-18.0583097772894,-12.9631241742684,-3.76647470501118
46.08,-18.0583097772894,-12.9631241742684,-3.76647470501118
46.16,-18.0583097772894,-12.9631241742684,-3.76647470501118
46.24,-18.0583097772894,-12.9631241742684,-3.76647470501118
46.32,-18.0583097772894,-12.9631241742684,-3.76647470501118
46.4,-18.0583097772894,-12.9631241742684,-3.76647470501118
46.48,-18.0583097772894,-12.9631241742684,-3.76647470501118
46.56,-18.0583097772894,-12.9631241742684,-3.76647470501118
46.64,-18.0583097772894,-12.9631241742684,-3.76647470501118
46.72,-18.0583097772894,-12.9631241742684,-3.76647470501118
46.8,-18.0583097772894,-12.9631241742684,-3.76647470501118
46.88,-18.0583097772894,-12.9631241742684,-3.76647470501118
46.96,-18.0583097772894,-12.9631241742684,-3.76647470501118
47.04,-18.0583097772894,-12.9631241742684,-3.76647470501118
47.12,-18.0583097772894,-12.9631241742684,-3.76647470501118
47.2,-18.0583097772894,-12.9631241742684,-3.76647470501118
47.28,-18.0583097772894,-12.9631241742684,-3.76647470501118
47.36,-18.0583097772894,-12.9631241742684,-3.76647470501118
47.44,-18.0583097772894,-12.9631241742684,-3.76647470501118
47.52,-18.0583097772894,-12.9631241742684,-3.76647470501118
47.6,-18.0583097772894,-12.9631241742684,-3.76647470501118
47.68,-18.0583097772894,-12.9631241742684,-3.76647470501118
47.76,-18.0583097772894,-12.9631241742684,-3.76647470501118
47.84,-18.0583097772894,-12.9631241742684,-3.76647470501118
47.92,-18.0583097772894,-12.9631241742684,-3.76647470501118
48,-18.0583097772894,-12.9631241742684,-3.76647470501118
48.08,-18.0583097772894,-12.9631241742684,-3.76647470501118
48.16,-18.0583097772894,-12.9631241742684,-3.76647470501118
48.24,-18.0583097772894,-12.9631241742684,-3.76647470501118
48.32,-18.0583097772894,-12.9631241742684,-3.76647470501118
48.4,-18.0583097772894,-12.9631241742684,-3.76647470501118
48.48,-18.0583097772894,-12.9631241742684,-3.76647470501118
48.56,-18.0583097772894,-12.9631241742684,-3.76647470501118
48.64,-18.0583097772894,-12.9631241742684,-3.76647470501118
48.72,-18.0583097772894,-12.9631241742684,-3.76647470501118
48.8,-18.0583097772894,-12.9631241742684,-3.76647470501118
48.88,-18.0583097772894,-12.9631241742684,-3.76647470501118
48.96,-18.0583097772894,-12.9631241742684,-3.76647470501118
49.04,-18.0583097772894,-12.9631241742684,-3.76647470501118
49.12,-18.0583097772894,-12.9631241742684,-3.76647470501118
49.2,-18.0583097772894,-12.9631241742684,-3.76647470501118
49.28,-18.0583097772894,-12.9631241742684,-3.76647470501118
49.36,-18.0583097772894,-12.9631241742684,-3.76647470501118
49.44,-18.0583097772894,-12.9631241742684,-3.76647470501118
49.52,-18.0583097772894,-12.9631241742684,-3.76647470501118
49.6,-18.0583097772894,-12.9631241742684,-3.76647470501118
49.68,-18.0583097772894,-12.9631241742684,-3.76647470501118
49.76,-18.0583097772894,-12.9631241742684,-3.76647470501118
49.84,-18.0583097772894,-12.9631241742684,-3.76647470501118
49.92,-18.0583097772894,-12.9631241742684,-3.76647470501118
50,-18.0583097772894,-12.9631241742684,-3.76647470501118
50.08,-16.9106190771072,-20.9631241742684,-11.7664747050112
50.16,-18.2503432736275,-28.9631241742684,-19.7664747050112
50.24,-18.4555203001849,-36.9631241742684,-27.7664747050112
50.32,-20.091042033087,-44.9631241742684,-35.7664747050112
50.4,-21.5280540568264,-52.9631241742684,-43.7664747050112
50.48,-21.9778614065689,-60.9631241742684,-51.7664747050112
50.56,-23.7670221791876,-68.9631241742684,-59.7664747050112
50.64,-25.3920771661691,-76.9631241742684,-67.7664747050112
50.72,-26.1094927076998,-84.9631241742684,-75.7664747050112
50.8,-28.0834396770297,-92.9631241742684,-83.7664747050112
50.88,-29.8247633484407,-100.963124174268,-91.7664747050112
50.96,-31.5782809658222,-108.963124174268,-99.7664747050112
51.04,-33.1848812237108,-116.963124174268,-107.766474705011
51.12,-35.2567203987448,-124.963124174268,-115.766474705011
51.2,-37.0052335127886,-132.963124174268,-123.766474705011
51.28,-38.8193403102389,-140.963124174268,-131.766474705011
51.36,-40.6256998875858,-148.963124174268,-139.766474705011
51.44,-42.3524815223433,-156.963124174268,-147.766474705011
51.52,-44.3470304414026,-164.963124174268,-155.766474705011
51.6,-45.7797921127557,-172.963124174268,-163.766474705011
51.68,-47.2322175162616,-180.963124174268,-171.766474705011
51.76,-49.1410646625157,-188.963124174268,-179.766474705011
51.84,-49.9598105502025,-196.963124174268,-187.766474705011
51.92,-51.6495131844353,-198.565852722235,-190.433141371678
52,-53.2394292241333,-196.807934211143,-184.273561459617
52.08,-53.8563360352641,-193.415518571135,-176.273561459617
52.16,-59.1896693685974,-195.193296348913,-174.051339237394
52.24,-67.1896693685974,-199.52255084792,-175.312458904489
52.32,-75.1896693685974,-202.462735463091,-175.30486957001
52.4,-83.1896693685974,-203.347220033273,-175.30486957001
52.48,-91.1896693685974,-203.312959697943,-175.199277243214
52.56,-99.1896693685974,-200.154141307299,-173.209309228216
52.64,-107.189669368597,-197.425263521003,-171.766522335937
52.72,-115.189669368597,-191.011580453259,-167.662430307863
52.8,-123.189669368597,-185.076398802145,-164.612028739787
52.88,-131.189669368597,-177.755682384757,-160.780337299639
52.96,-139.189669368597,-169.755682384757,-155.873707555192
53.04,-143.48253713151,-161.755682384757,-152.392001125944
53.12,-143.211376735731,-153.755682384757,-145.872442880762
53.2,-141.673826176277,-145.755682384757,-140.209245475245
53.28,-140.405171109343,-137.755682384757,-134.194459297402
53.36,-137.790333366557,-129.755682384757,-127.693469549699
53.44,-134.361495896023,-121.755682384757,-122.479277828744
53.52,-130.008754959116,-113.755682384757,-114.972815375814
53.6,-125.990006028104,-105.755682384757,-109.178144911925
53.68,-122.423165103498,-97.7556823847574,-102.977914129762
53.76,-118.057909208153,-89.7556823847574,-97.7529147169881
53.84,-113.640922232699,-81.7556823847574,-92.1329982949161
53.92,-109.637886116867,-73.7556823847574,-87.183305655049
54,-105.666845355624,-65.7556823847574,-82.0529118228405
54.08,-102.076642616561,-57.7556823847574,-77.3759238006703
54.16,-98.3315473843172,-49.7556823847574,-73.7020322108444
54.24,-94.601511510317,-42.9535626974288,-68.7498400429057
54.32,-92.144931407026,-39.8064868497937,-64.7762843740695
54.4,-88.4182967291445,-36.9499711931946,-60.7816916305299
54.48,-85.1624333406403,-32.8905666710973,-57.6763505640115
54.56,-82.3355499898755,-30.5005406120354,-54.5100446766642
54.64,-79.4376941119651,-27.8338739453687,-51.6187146764704
54.72,-76.7583088010021,-25.3764402316293,-48.9520480098038
54.8,-74.0916421343354,-23.2361161090162,-46.3537210381703
54.88,-71.4249754676687,-22.0120172620792,-44.1772108077052
54.96,-69.0742065438067,-20.9788049197109,-42.1633612807428
55.04,-66.6789867803359,-18.5181740688496,-41.606825268512
55.12,-64.2515232349523,-17.0071177455628,-39.5070943511334
55.2,-62.3276060821168,-16.6219680332568,-37.8382866100725
55.28,-60.595327156758,-15.133432770063,-36.2825653822416
55.36,-59.0982242600381,-13.7438338458355,-36.0592712889728
55.44,-57.3933600323143,-13.699102469403,-34.6488628349957
55.52,-56.4643005085636,-12.3837547520157,-33.3155295016624
55.6,-54.454466376905,-11.2846588463191,-33.5033164605486
55.68,-52.8919575528326,-11.4691959339238,-32.2966524396229
55.76,-52.2293214196334,-10.3423681683965,-32.1411218329363
55.84,-50.6044291641468,-9.42510696852881,-31.703724528671
55.92,-49.059113855019,-9.0758069872059,-31.3256540520725
56,-48.7968421174201,-8.69739193320807,-31.0515593626224
56.08,-47.2781334491055,-8.27992427822957,-30.8941587914984
56.16,-45.9530424367705,-7.88057927391596,-30.7248733300131
56.24,-45.9265111930389,-7.32935610475671,-30.5819222949703
56.32,-44.6164262763887,-6.9344955658167,-30.5819222949703
56.4,-43.5692122476771,-6.75258446482686,-30.5168108523553
56.48,-43.5860826407401,-6.93816291094229,-30.5168108523553
56.56,-42.2493490289864,-6.50316787513232,-30.5168108523553
56.64,-42.3354230685924,-6.1869975792961,-30.5168108523553
56.72,-41.8289905397995,-5.87531088612803,-30.5168108523553
56.8,-41.3689698294022,-5.57492399775042,-30.5957676196038
56.88,-40.9564597756622,-5.28131577255007,-30.7228395767019
56.96,-40.5891342622925,-4.99480471577258,-30.8637542033087
57.04,-40.2647821482019,-4.71606598975715,-31.0064796163907
57.12,-39.9813659987726,-4.44614078285271,-31.1368677515876
57.2,-39.7368758874151,-4.18660834472798,-31.2878302158928
57.28,-39.5296853479875,-3.90990296210358,-31.4118665732881
57.36,-39.352034052813,-3.64700397083505,-31.5655095079056
57.44,-39.1768698297897,-3.37895815310404,-31.6727944065395
57.52,-39.0579194387429,-3.13154897866906,-31.8133928565686
57.6,-38.9404504763728,-2.87312641078528,-31.9271186563521
57.68,-38.8679816694748,-2.64326528614171,-32.0434936925228
57.76,-38.8000969127376,-2.39457334808196,-32.1371500929158
57.84,-38.7662522443888,-2.18594059059494,-32.2401030299432
57.92,-38.7376630585349,-1.94569324600381,-32.3096851322571
58,-38.7355132906881,-1.75198425743699,-32.395450611614
58.08,-38.7355132906881,-1.54181231823715,-32.447106664787
58.16,-38.7355132906881,-1.36087328276305,-32.5111947303165
58.24,-38.7355132906881,-1.16327235753296,-32.550112629134
58.32,-38.7355132906881,-1.00299369244726,-32.5965471102824
58.4,-38.7355132906881,-0.82165258636684,-32.6192047470918
58.48,-38.7355132906881,-0.676617615703524,-32.6489536051596
58.56,-38.808354405435,-0.518046751810094,-32.6682003329456
58.64,-38.8856076458678,-0.390110024465598,-32.6714884574317
58.72,-38.9658249509375,-0.245935979586831,-32.6728558655833
58.8,-39.0484097091765,-0.134569616841805,-32.6728558655833
58.88,-39.1327761775293,-0.01840843322735,-32.6728558655833
58.96,-39.218606260158,0.0809715480728613,-32.6728558655833
59.04,-39.305553332924,0.183326644393147,-32.6728558655833
59.12,-39.3856928180768,0.265603412173769,-32.6728558655833
59.2,-39.4712076627854,0.35700356096062,-32.6728558655833
59.28,-39.5499673778542,0.427327629629383,-32.6728558655833
59.36,-39.6336978823842,0.500879946236311,-32.604171134936
59.44,-39.7042001350893,0.556901450390145,-32.5301966890306
59.52,-39.7791621985055,0.613749801515414,-32.4502992344893
59.6,-39.8383807851135,0.653053296033146,-32.3811996864786
59.68,-39.9020423714796,0.689113095357791,-32.2998892394472
59.76,-39.9525756536269,0.714848016385846,-32.2319630135738
59.84,-40.0044633225297,0.736994666514125,-32.1462918435152
59.92,-40.0423916516173,0.749212265671235,-32.0838280367954
60,-40.0826471208326,0.758006428219932,-32.0012364653487
60.08,-40.1119719871135,0.760035667477299,-31.9316915709662
60.16,-40.1403384663712,0.760035667477299,-31.8570341638797
60.24,-40.1586715300221,0.760035667477299,-31.7932040127502
60.32,-40.1772465280956,0.760035667477299,-31.7204410969923
60.4,-40.1884263359767,0.760035667477299,-31.6643874095716
60.48,-40.1985357805358,0.760035667477299,-31.5941416422998
60.56,-40.2016333828661,0.760035667477299,-31.5445258804112
60.64,-40.2044300684801,0.760035667477299,-31.4807616595275
60.72,-40.2044300684801,0.760035667477299,-31.432168980546
60.8,-40.2044300684801,0.760035667477299,-31.3747078997417
60.88,-40.2044300684801,0.760035667477299,-31.3345225072606
60.96,-40.2044300684801,0.728685023867876,-31.2827571380029
61.04,-40.2044300684801,0.684427489175627,-31.2440870815284
61.12,-40.2044300684801,0.63943190435041,-31.2010552713535
61.2,-40.2044300684801,0.599038453239978,-31.1710896562684
61.28,-40.2044300684801,0.557245354633979,-31.133448512782
61.36,-40.2044300684801,0.518010813791644,-31.1077361704603
61.44,-40.2044300684801,0.477328945845501,-31.076066332847
61.52,-40.2044300684801,0.439857558115135,-31.0561069454263
61.6,-40.2044300684801,0.400652875837038,-31.0304030388501
61.68,-40.1653572028482,0.365782520726638,-31.0138276754247
61.76,-40.1224433330475,0.329470699258716,-30.9988265172316
61.84,-40.0824407137309,0.299045417434693,-30.991800463223
61.92,-40.0393974684709,0.266031353939427,-30.985292385453
62,-40.0005118736143,0.24092218384604,-30.9835756956756
62.08,-39.958415748529,0.211882720199647,-30.9835756956756
62.16,-39.9214803235467,0.191011601656256,-30.9835756956756
62.24,-39.8812926956648,0.166687560482998,-30.9835756956756
62.32,-39.8462998345595,0.148773037484152,-30.9835756956756
62.4,-39.8085274910426,0.128370736396057,-30.9835756956756
62.48,-39.775642079786,0.114320953999018,-30.9835756956756
62.56,-39.7399412508069,0.0975829816508932,-30.9835756956756
62.64,-39.7091786584652,0.0846426660859123,-30.9835756956756
62.72,-39.6762656030151,0.0714101229558978,-30.9835756956756
62.8,-39.6477100403762,0.0613414279539153,-30.9835756956756
62.88,-39.6166864452255,0.0499906205592449,-30.9835756956756
62.96,-39.5902335637752,0.0425279246080176,-30.9835756956756
63.04,-39.5622551572352,0.0335201527147868,-30.9835756956756
63.12,-39.5377569098312,0.0264345632802411,-30.9835756956756
63.2,-39.5117937779573,0.0203043710897315,-31.0200969853618
63.28,-39.491976046515,0.0191012029774813,-31.0579307825245
63.36,-39.4725285398261,0.0180780271322614,-31.089912883762
63.44,-39.4577589808816,0.0180780271322614,-31.1250512213274
63.52,-39.4432691910795,0.0180780271322614,-31.1545073132129
63.6,-39.4330784606468,0.0180780271322614,-31.1896328430471
63.68,-39.423756689748,0.0180780271322614,-31.2153173825906
63.76,-39.4172734047863,0.0180780271322614,-31.2485261944166
63.84,-39.4117703492653,0.0180780271322614,-31.2746682933355
63.92,-39.4087406277837,0.0180780271322614,-31.304927128159
64,-39.4065153430508,0.0180780271322614,-31.3272020958363
64.08,-39.4061810874982,0.0180780271322614,-31.3555313571163
64.16,-39.4061810874982,0.0180780271322614,-31.3764725915342
64.24,-39.4061810874982,0.0180780271322614,-31.4024180218074
64.32,-39.4061810874982,0.0180780271322614,-31.4199006694494
64.4,-39.4061810874982,0.0180780271322614,-31.4429318206271
64.48,-39.4061810874982,0.0180780271322614,-31.4618970497596
64.56,-39.4061810874982,0.0180780271322614,-31.481212806343
64.64,-39.4061810874982,0.0442835616486623,-31.4977909306168
64.72,-39.4061810874982,0.0696995357883855,-31.5143555871156
64.8,-39.4061810874982,0.0942137538798502,-31.5273371586932
64.88,-39.4061810874982,0.117693640218179,-31.5415738804746
64.96,-39.4061810874982,0.139991546141163,-31.5510216738213
65.04,-39.4061810874982,0.162384465355563,-31.5628103547343
65.12,-39.4061810874982,0.185517565005721,-31.5705761088181
65.2,-39.4061810874982,0.205819005371753,-31.57993915814
65.28,-39.4061810874982,0.227769213999705,-31.5851075624292
65.36,-39.4061810874982,0.245800133693995,-31.5919876076997
65.44,-39.4061810874982,0.266550801814555,-31.5973665840484
65.52,-39.4061810874982,0.283124519891468,-31.6013714188963
65.6,-39.4320434848927,0.300849437137261,-31.6045358504395
65.68,-39.4573392751691,0.315479860972477,-31.6045358504395
65.76,-39.4818566763745,0.330983330884559,-31.6045358504395
65.84,-39.505561609167,0.342898956988723,-31.6045358504395
65.92,-39.5283977714096,0.355937606260356,-31.6045358504395
66,-39.5503323364867,0.365857911840008,-31.6045358504395
66.08,-39.5713861264611,0.376521285552868,-31.6045358504395
66.16,-39.5942284639365,0.384649313537835,-31.6045358504395
66.24,-39.6138121051171,0.39370698766933,-31.6045358504395
66.32,-39.6346342469089,0.40041971883377,-31.6045358504395
66.4,-39.6528245773353,0.407333526401525,-31.6045358504395
66.48,-39.6724272975892,0.412952839165427,-31.6045358504395
66.56,-39.6891532330522,0.418700156052033,-31.6045358504395
66.64,-39.7069161995867,0.423002009860709,-31.6045358504395
66.72,-39.7222686557507,0.427822409135564,-31.6045358504395
66.8,-39.7388735810292,0.431264746345316,-31.6045358504395
66.88,-39.7529215212799,0.434650326883679,-31.6045358504395
66.96,-39.7676776652108,0.437528189173983,-31.6045358504395
67.04,-39.780588788681,0.440148874452543,-31.6045358504395
67.12,-39.79422547852,0.442306556694393,-31.5930348003156
67.2,-39.805466938419,0.443615087367489,-31.5687197061455
67.28,-39.8159311904949,0.443615087367489,-31.5450997025317
67.36,-39.8234589626958,0.443615087367489,-31.5224249900957
67.44,-39.830742749306,0.443615087367489,-31.500820590826
67.52,-39.8353465825463,0.443615087367489,-31.4806627930831
67.6,-39.8392369082066,0.443615087367489,-31.4598879777181
67.68,-39.8414505584509,0.443615087367489,-31.4390716543779
67.76,-39.8430086137766,0.443615087367489,-31.4203240176529
67.84,-39.8431647541431,0.443615087367489,-31.4009330834234
67.92,-39.8431647541431,0.443615087367489,-31.384471878311
68,-39.8431647541431,0.443615087367489,-31.3662276290077
68.08,-39.8431647541431,0.443615087367489,-31.3520074605884
68.16,-39.8431647541431,0.443615087367489,-31.334801273319
68.24,-39.8431647541431,0.443615087367489,-31.3216936180283
68.32,-39.8431647541431,0.443615087367489,-31.3075350269683
68.4,-39.8431647541431,0.443615087367489,-31.2950156009016
68.48,-39.8431647541431,0.443615087367489,-31.2818737109753
68.56,-39.8431647541431,0.443615087367489,-31.2709631327574
68.64,-39.8431647541431,0.443615087367489,-31.2585236098786
68.72,-39.8431647541431,0.443615087367489,-31.2489133609522
68.8,-39.8431647541431,0.42167099790885,-31.2378083318503
68.88,-39.8431647541431,0.400024654542129,-31.2299024789563
68.96,-39.8431647541431,0.380882350468027,-31.2214495185462
69.04,-39.8431647541431,0.362376235135358,-31.2154079510366
69.12,-39.8431647541431,0.344853898982358,-31.2083873198451
69.2,-39.8431647541431,0.327755403517325,-31.2036657331195
69.28,-39.8431647541431,0.311925188959993,-31.1996043194248
69.36,-39.8431647541431,0.296239468675411,-31.1954488403746
69.44,-39.8431647541431,0.282033700913409,-31.1927178320615
69.52,-39.8431647541431,0.267733448336334,-31.1900387886395
69.6,-39.8431647541431,0.25516798113504,-31.1883517607185
69.68,-39.8240345300301,0.242124032155213,-31.1865534770166
69.76,-39.8024222956493,0.231648499219994,-31.1865534770166
69.84,-39.7827914201996,0.220337140596429,-31.1865534770166
69.92,-39.7632470618083,0.212165179779287,-31.1865534770166
70,-39.7450103026886,0.202669669826202,-31.1865534770166
70.08,-39.7265902996959,0.195558906382061,-31.1865534770166
70.16,-39.7097843114436,0.187773600669909,-31.1865534770166
70.24,-39.692455485935,0.182375252126256,-31.1865534770166
70.32,-39.6771320044527,0.176040035355063,-31.1865534770166
70.4,-39.6608477856349,0.171160290664937,-31.1865534770166
70.48,-39.6470120140344,0.166271425229839,-31.1865534770166
70.56,-39.6318977516608,0.162526524572444,-31.1865534770166
70.64,-39.6191412254711,0.158453351320598,-31.1865534770166
70.72,-39.6052762053998,0.155739959634943,-31.1865534770166
70.8,-39.5937058257616,0.152574342736617,-31.1865534770166
70.88,-39.5810552794285,0.150161395494936,-31.1865534770166
70.96,-39.5704101554565,0.147894497674915,-31.1865534770166
71.04,-39.5588882557684,0.146126992189287,-31.1865534770166
71.12,-39.5493938913468,0.144387362504445,-31.1865534770166
71.2,-39.5389683118954,0.143176462441291,-31.1865534770166
71.28,-39.5301649641561,0.141874606869492,-31.1865534770166
71.36,-39.5208781060312,0.141099547927994,-31.1919725935822
71.44,-39.5149145990552,0.141099547927994,-31.2115637746969
71.52,-39.508833582458,0.141099547927994,-31.2327160611739
71.6,-39.5047964583655,0.141099547927994,-31.2524482417928
71.68,-39.5015824011485,0.141099547927994,-31.2725390499769
71.76,-39.4998186005555,0.141099547927994,-31.2905341374871
71.84,-39.4986626877184,0.141099547927994,-31.3095554083494
71.92,-39.4986626877184,0.141099547927994,-31.3254648534919
72,-39.4986626877184,0.141099547927994,-31.343601740864
72.08,-39.4986626877184,0.141099547927994,-31.3576385487837
72.16,-39.4986626877184,0.141099547927994,-31.37398110802
72.24,-39.4986626877184,0.141099547927994,-31.3866775735609
72.32,-39.4986626877184,0.141099547927994,-31.4017292384057
72.4,-39.4986626877184,0.141099547927994,-31.4133248693143
72.48,-39.4986626877184,0.141099547927994,-31.4265159605048
72.56,-39.4986626877184,0.141099547927994,-31.4369861243072
72.64,-39.4986626877184,0.141099547927994,-31.449670315332
72.72,-39.4986626877184,0.141099547927994,-31.4593175443784
72.8,-39.4986626877184,0.141099547927994,-31.4695776357208
72.88,-39.4986626877184,0.141099547927994,-31.4789805766827
72.96,-39.4986626877184,0.141099547927994,-31.4884199643276
73.04,-39.4986626877184,0.141099547927994,-31.496791378353
73.12,-39.4986626877184,0.158644153844363,-31.505572456359
73.2,-39.4986626877184,0.178231877707403,-31.5120833016695
73.28,-39.4986626877184,0.194409254724886,-31.519367711212
73.36,-39.4986626877184,0.212640596519806,-31.5243770714094
73.44,-39.4986626877184,0.227459070868984,-31.5291847019847
73.52,-39.4986626877184,0.243801822351357,-31.5332578808468
73.6,-39.4986626877184,0.257185271171076,-31.53669313783
73.68,-39.4986626877184,0.272548316556762,-31.5395675175059
73.76,-39.4986626877184,0.284730076916991,-31.5418173082922
73.84,-39.4986626877184,0.29760955024865,-31.5437260765178
73.92,-39.4986626877184,0.308919064156056,-31.5449619253985
74,-39.517256818365,0.32063679346602,-31.5460949290385
74.08,-39.5368861613647,0.330008934267893,-31.5460949290385
74.16,-39.554073058023,0.340184724053103,-31.5460949290385
74.24,-39.5727693774098,0.347915645642891,-31.5460949290385
74.32,-39.5886143413526,0.356009309172728,-31.5460949290385
74.4,-39.6060431727419,0.362456664131045,-31.5460949290385
74.48,-39.62105494272,0.369382429212044,-31.5460949290385
74.56,-39.6372428627344,0.374601652599819,-31.5460949290385
74.64,-39.6507870681502,0.380051670313535,-31.5460949290385
74.72,-39.6657310098504,0.384300919810633,-31.5460949290385
74.8,-39.6785987107727,0.388896247968081,-31.5460949290385
74.88,-39.6922516930455,0.392293490230654,-31.5460949290385
74.96,-39.7037850954487,0.395729266445428,-31.5460949290385
75.04,-39.7163862150409,0.398498342728857,-31.5460949290385
75.12,-39.7269964940792,0.401276153540532,-31.5460949290385
75.2,-39.7385019087553,0.40333688996868,-31.5460949290385
75.28,-39.7480334415658,0.405567954802955,-31.5460949290385
75.36,-39.7584767644719,0.407150531360514,-31.5460949290385
75.44,-39.7672786445649,0.40866465105452,-31.5460949290385
75.52,-39.7767420804185,0.409907299803819,-31.5460949290385
75.6,-39.7844876485881,0.411010272203972,-31.5460949290385
75.68,-39.7930180323239,0.411871323496064,-31.5460949290385
75.76,-39.8000320108551,0.412640613744135,-31.5261773916932
75.84,-39.8058702873557,0.412640613744135,-31.506952956204
75.92,-39.8102101782939,0.412640613744135,-31.4885449509141
76,-39.8136443245918,0.412640613744135,-31.4711072135342
76.08,-39.8157153909515,0.412640613744135,-31.4548479740166
76.16,-39.8171535754412,0.412640613744135,-31.4387767875057
76.24,-39.81729339109,0.412640613744135,-31.4215187921465
76.32,-39.81729339109,0.412640613744135,-31.4075638633842
76.4,-39.81729339109,0.412640613744135,-31.3910891284053
76.48,-39.81729339109,0.412640613744135,-31.3784880839178
76.56,-39.81729339109,0.412640613744135,-31.3645850316361
76.64,-39.81729339109,0.412640613744135,-31.3528311134402
76.72,-39.81729339109,0.412640613744135,-31.3397420762139
76.8,-39.81729339109,0.412640613744135,-31.3295573894745
76.88,-39.81729339109,0.412640613744135,-31.3173205972669
76.96,-39.81729339109,0.412640613744135,-31.3079709701779
77.04,-39.81729339109,0.412640613744135,-31.2977018040282
77.12,-39.81729339109,0.412640613744135,-31.2889408011752
77.2,-39.81729339109,0.412640613744135,-31.279304266804
77.28,-39.81729339109,0.412640613744135,-31.2717803281297
77.36,-39.81729339109,0.412640613744135,-31.2625854481223
77.44,-39.81729339109,0.412640613744135,-31.2556175525159
77.52,-39.81729339109,0.410623950044364,-31.2482839975424
77.6,-39.81729339109,0.393397421260829,-31.2417688429847
77.68,-39.81729339109,0.375797491881038,-31.2362116858812
77.76,-39.81729339109,0.360260679655732,-31.2312861712128
77.84,-39.81729339109,0.343816736761759,-31.2272212907937
77.92,-39.81729339109,0.330093139610523,-31.2236558963275
78,-39.81729339109,0.314651208247986,-31.2208501103427
78.08,-39.81729339109,0.302321201232919,-31.2184484362423
78.16,-39.81729339109,0.288900954926626,-31.2166869952582
78.24,-39.81729339109,0.277782190544644,-31.2152529858789
78.32,-39.81729339109,0.265361395075134,-31.2143715655613
78.4,-39.8034741437382,0.255534632625373,-31.2137379056903
78.48,-39.784887617119,0.244992004809032,-31.2137379056903
78.56,-39.766760865915,0.236781477862765,-31.2137379056903
78.64,-39.7489814581902,0.227592951670131,-31.2137379056903
78.72,-39.7333741614598,0.220757691741632,-31.2137379056903
78.8,-39.7171662127245,0.213810733851022,-31.2137379056903
78.88,-39.7028651572723,0.207911927659852,-31.2137379056903
78.96,-39.687590319263,0.20212550739717,-31.2137379056903
79.04,-39.6746427127645,0.197463689749499,-31.2137379056903
79.12,-39.6604097340324,0.192624923388638,-31.2137379056903
79.2,-39.6484566691796,0.18901604925556,-31.2137379056903
79.28,-39.6353675304016,0.185040831972433,-31.2137379056903
79.36,-39.6244675033338,0.182163551102342,-31.2137379056903
79.44,-39.6124996100118,0.179212966960176,-31.2137379056903
79.52,-39.6024634692151,0.176919117788481,-31.2137379056903
79.6,-39.5915390975603,0.174553964604858,-31.2137379056903
79.68,-39.582538316467,0.172870409290988,-31.2137379056903
79.76,-39.5726293766565,0.171068283192013,-31.2137379056903
79.84,-39.5642979860009,0.169826181852368,-31.2137379056903
79.92,-39.5553286486211,0.168554459368049,-31.2137379056903
80,-39.5480047322021,0.167693786973553,-31.2137379056903
80.08,-39.5399170094633,0.166756505530854,-31.2137379056903
80.16,-39.5330851315063,0.166184861272862,-31.2137379056903
80.24,-39.5271472827177,0.165698989089816,-31.2313641809777
80.32,-39.523077616206,0.165698989089816,-31.2530444918535
80.4,-39.5193132958139,0.165698989089816,-31.2698539590202
80.48,-39.517619180573,0.165698989089816,-31.2880602576931
80.56,-39.5160583318236,0.165698989089816,-31.3046454620748
80.64,-39.5155879956493,0.165698989089816,-31.3216725100243
80.72,-39.5155879956493,0.165698989089816,-31.3364632239597
80.8,-39.5155879956493,0.165698989089816,-31.3524485952363
80.88,-39.5155879956493,0.165698989089816,-31.3652185656266
80.96,-39.5155879956493,0.165698989089816,-31.3805580596079
81.04,-39.5155879956493,0.165698989089816,-31.3922510941941
81.12,-39.5155879956493,0.165698989089816,-31.4048469892643
81.2,-39.5155879956493,0.165698989089816,-31.4160854584798
81.28,-39.5155879956493,0.165698989089816,-31.4277741611616
81.36,-39.5155879956493,0.165698989089816,-31.4376374834643
81.44,-39.5155879956493,0.165698989089816,-31.4486787599762
81.52,-39.5155879956493,0.165698989089816,-31.457274614009
81.6,-39.5155879956493,0.165698989089816,-31.4675532600111
81.68,-39.5155879956493,0.165698989089816,-31.4754432663944
81.76,-39.5155879956493,0.165698989089816,-31.4842440524601
81.84,-39.5155879956493,0.165698989089816,-31.4915427832251
81.92,-39.5155879956493,0.165698989089816,-31.4999037525278
82,-39.5155879956493,0.183462413324137,-31.5062537865291
82.08,-39.5155879956493,0.20058088198282,-31.5134645945325
82.16,-39.5155879956493,0.216927876949979,-31.5184057399085
82.24,-39.5155879956493,0.232595133298116,-31.5233326350121
82.32,-39.5155879956493,0.247543251912442,-31.52719583551
82.4,-39.5155879956493,0.261813594706665,-31.5309059645397
82.48,-39.5155879956493,0.275381575771606,-31.5334079649365
82.56,-39.5155879956493,0.288319262877054,-31.5361829213272
82.64,-39.5155879956493,0.300596720189659,-31.5378345668968
82.72,-39.5155879956493,0.312278461546226,-31.539047819829
82.8,-39.5155879956493,0.32341710564129,-31.5402572876458
82.88,-39.5348599797958,0.333919980728377,-31.5407679981804
82.96,-39.5518049691835,0.343739045847667,-31.5407679981804
83.04,-39.5697245564301,0.352306492107937,-31.5407679981804
83.12,-39.5853694629489,0.359186653845557,-31.5407679981804
83.2,-39.602380440485,0.366565424499566,-31.5407679981804
83.28,-39.616659256833,0.371857160727673,-31.5407679981804
83.36,-39.6324603796811,0.378028887764823,-31.5407679981804
83.44,-39.6460435311822,0.382525189796834,-31.5407679981804
83.52,-39.6605836289774,0.387584057134912,-31.5407679981804
83.6,-39.6728755483168,0.39088403038814,-31.5407679981804
83.68,-39.6863492983461,0.394883977975332,-31.5407679981804
83.76,-39.6977017736825,0.398054353248017,-31.5407679981804
83.84,-39.7100754670726,0.400942255858791,-31.5407679981804
83.92,-39.7203417392709,0.403394383641322,-31.5407679981804
84,-39.7316270692853,0.405688384685109,-31.5407679981804
84.08,-39.7411347763087,0.407519594238807,-31.5407679981804
84.16,-39.7514187355535,0.409336776443852,-31.5407679981804
84.24,-39.7598287519968,0.410620520234646,-31.5407679981804
84.32,-39.7691236850552,0.412050366197282,-31.5407679981804
84.4,-39.7770343177767,0.412897790797618,-31.5407679981804
84.48,-39.7853333474228,0.41390248653553,-31.5407679981804
84.56,-39.792320642339,0.414597091999703,-31.5407679981804
84.64,-39.7999002328821,0.415216424512158,-31.5294245175283
84.72,-39.8051422620593,0.415216424512158,-31.5098833631999
84.8,-39.810222846621,0.415216424512158,-31.4906554403581
84.88,-39.812919171032,0.415216424512158,-31.4716048740653
84.96,-39.815595994199,0.415216424512158,-31.4524899512253
85.04,-39.8168173775909,0.415216424512158,-31.4380576728891
85.12,-39.8174521978896,0.415216424512158,-31.4204175097017
85.2,-39.8174521978896,0.415216424512158,-31.4086155817704
85.28,-39.8174521978896,0.415216424512158,-31.3929640117175
85.36,-39.8174521978896,0.415216424512158,-31.3798341199713
85.44,-39.8174521978896,0.415216424512158,-31.3669985501949
85.52,-39.8174521978896,0.415216424512158,-31.3552311635238
85.6,-39.8174521978896,0.415216424512158,-31.3434612783011
85.68,-39.8174521978896,0.415216424512158,-31.3330076991685
85.76,-39.8174521978896,0.415216424512158,-31.3221013117675
85.84,-39.8174521978896,0.415216424512158,-31.3129706447117
85.92,-39.8174521978896,0.415216424512158,-31.3026756465533
86,-39.8174521978896,0.415216424512158,-31.2949652378125
86.08,-39.8174521978896,0.415216424512158,-31.2852828808759
86.16,-39.8174521978896,0.415216424512158,-31.2784369757981
86.24,-39.8174521978896,0.415216424512158,-31.2697210135465
86.32,-39.8174521978896,0.415216424512158,-31.2632629162865
86.4,-39.8174521978896,0.415216424512158,-31.2552918932381
86.48,-39.8174521978896,0.410960927388999,-31.2500554205164
86.56,-39.8174521978896,0.394896648149437,-31.2436049863829
86.64,-39.8174521978896,0.379267778836406,-31.2393608361875
86.72,-39.8174521978896,0.362516016199525,-31.2345843335173
86.8,-39.8174521978896,0.348722893977676,-31.2320158792096
86.88,-39.8174521978896,0.3329572497327,-31.228794224048
86.96,-39.8174521978896,0.320397164627259,-31.2262377215563
87.04,-39.8174521978896,0.307028750049543,-31.2247812486031
87.12,-39.8174521978896,0.295388693923228,-31.223149942871
87.2,-39.8174521978896,0.283171303296232,-31.2224339501396
87.28,-39.8174521978896,0.273113431521022,-31.2217046609677
87.36,-39.7987492672466,0.261874239150723,-31.2217046609677
87.44,-39.7804575611157,0.253293248806382,-31.2217046609677
87.52,-39.764393857309,0.244029493887205,-31.2217046609677
87.6,-39.74751914189,0.23693678238252,-31.2217046609677
87.68,-39.7327030618384,0.229121635411547,-31.2217046609677
87.76,-39.7167590854588,0.223251625758743,-31.2217046609677
87.84,-39.7032568603964,0.21710336118193,-31.2217046609677
87.92,-39.6884003497629,0.212286692285639,-31.2217046609677
88,-39.6757783639424,0.20704784692234,-31.2217046609677
88.08,-39.6620542526719,0.203182360418027,-31.2217046609677
88.16,-39.6506530150638,0.199228747609091,-31.2217046609677
88.24,-39.6380635256961,0.196075952149027,-31.2217046609677
88.32,-39.6273374234921,0.19281316991372,-31.2217046609677
88.4,-39.6158766032146,0.190421155883821,-31.2217046609677
88.48,-39.606296157442,0.187873386576675,-31.2217046609677
88.56,-39.5957950498049,0.186037106402177,-31.2217046609677
88.64,-39.5869757828271,0.184121659923482,-31.2217046609677
88.72,-39.5774267162824,0.182758857091542,-31.2217046609677
88.8,-39.5695957815122,0.181313033890016,-31.2217046609677
88.88,-39.5609734642962,0.180330167525865,-31.2217046609677
88.96,-39.5536892985185,0.179377198088756,-31.2217046609677
89.04,-39.5459573311425,0.178703813748988,-31.2217046609677
89.12,-39.539552932009,0.178038645816062,-31.2217046609677
89.2,-39.5335794907682,0.177694035312028,-31.239523729971
89.28,-39.5298674672998,0.177694035312028,-31.2576191981213
89.36,-39.5263390491881,0.177694035312028,-31.2766703798758
89.44,-39.5244224302409,0.177694035312028,-31.29298927294
89.52,-39.5230529028112,0.177694035312028,-31.3113296103904
89.6,-39.5228771494298,0.177694035312028,-31.3257162487048
89.68,-39.5228339020467,0.177694035312028,-31.3430075716721
89.76,-39.5228339020467,0.177694035312028,-31.3562487833799
89.84,-39.5228339020467,0.177694035312028,-31.3708576206325
89.92,-39.5228339020467,0.177694035312028,-31.3832486967363
90,-39.5228339020467,0.177694035312028,-31.3970224821243
